Sample description: primus/qt temporary file
Sample: primus/qt tempo  c= 0 mg/ml  Code: tmp
Parent(s): D:/ashish/arpit_syn/dat files/syn8.dat
 5.636890e-002  2.371770e+004 -1.000000e+000
 6.276140e-002  2.033680e+004 -1.000000e+000
 6.915390e-002  2.258690e+004 -1.000000e+000
 7.554640e-002  2.142670e+004  6.247210e+003
 8.193890e-002  2.155880e+004  5.746390e+003
 8.833140e-002  1.993420e+004  5.514090e+003
 9.472390e-002  1.888190e+004 -1.000000e+000
 1.011160e-001  1.927360e+004 -1.000000e+000
 1.075090e-001  1.947130e+004  5.177110e+003
 1.139010e-001  2.152220e+004 -1.000000e+000
 1.202940e-001  2.123570e+004 -1.000000e+000
 1.266860e-001  2.005600e+004 -1.000000e+000
 1.330790e-001  2.039350e+004 -1.000000e+000
 1.394710e-001  1.787700e+004 -1.000000e+000
 1.458640e-001  1.595950e+004 -1.000000e+000
 1.522560e-001  1.672210e+004 -1.000000e+000
 1.586490e-001  1.932590e+004 -1.000000e+000
 1.650410e-001  2.042460e+004 -1.000000e+000
 1.714340e-001  1.840200e+004 -1.000000e+000
 1.778260e-001  1.813190e+004 -1.000000e+000
 1.842190e-001  1.700330e+004 -1.000000e+000
 1.906110e-001  1.558660e+004 -1.000000e+000
 1.970040e-001  1.820110e+004 -1.000000e+000
 2.033960e-001  1.779590e+004 -1.000000e+000
 2.097880e-001  1.459650e+004 -1.000000e+000
 2.161810e-001  1.512260e+004  2.430710e+003
 2.225730e-001  1.665450e+004 -1.000000e+000
 2.289660e-001  1.586610e+004  3.886560e+003
 2.353580e-001  1.453680e+004 -1.000000e+000
 2.417510e-001  1.311400e+004 -1.000000e+000
 2.481430e-001  1.376160e+004 -1.000000e+000
 2.545360e-001  1.385660e+004 -1.000000e+000
 2.609280e-001  1.297000e+004 -1.000000e+000
 2.673210e-001  1.228710e+004 -1.000000e+000
 2.737130e-001  1.231590e+004  3.691590e+003
 2.801060e-001  1.243330e+004 -1.000000e+000
 2.864980e-001  1.332910e+004 -1.000000e+000
 2.928900e-001  1.217540e+004 -1.000000e+000
 2.992830e-001  1.131050e+004 -1.000000e+000
 3.056750e-001  1.103330e+004  3.453570e+003
 3.120680e-001  1.273480e+004 -1.000000e+000
 3.184600e-001  1.174150e+004  1.673640e+003
 3.248530e-001  1.084110e+004 -1.000000e+000
 3.312450e-001  1.059480e+004 -1.000000e+000
 3.376380e-001  9.752290e+003 -1.000000e+000
 3.440300e-001  1.036190e+004 -1.000000e+000
 3.504230e-001  9.040280e+003 -1.000000e+000
 3.568150e-001  9.647240e+003 -1.000000e+000
 3.632070e-001  9.309530e+003 -1.000000e+000
 3.696000e-001  8.909230e+003 -1.000000e+000
 3.759920e-001  9.289820e+003 -1.000000e+000
 3.823850e-001  8.761960e+003 -1.000000e+000
 3.887770e-001  9.328310e+003 -1.000000e+000
 3.951690e-001  8.761800e+003 -1.000000e+000
 4.015620e-001  7.548190e+003 -1.000000e+000
 4.079540e-001  9.174530e+003  1.659770e+003
 4.143470e-001  8.726880e+003 -1.000000e+000
 4.207390e-001  8.205470e+003 -1.000000e+000
 4.271310e-001  8.230030e+003 -1.000000e+000
 4.335240e-001  8.094200e+003 -1.000000e+000
 4.399160e-001  8.282060e+003 -1.000000e+000
 4.463090e-001  7.805030e+003 -1.000000e+000
 4.527010e-001  7.940110e+003 -1.000000e+000
 4.590930e-001  7.439250e+003 -1.000000e+000
 4.654860e-001  7.723990e+003 -1.000000e+000
 4.718780e-001  6.645880e+003 -1.000000e+000
 4.782710e-001  7.023070e+003 -1.000000e+000
 4.846630e-001  7.487900e+003 -1.000000e+000
 4.910550e-001  7.654620e+003 -1.000000e+000
 4.974480e-001  6.947140e+003 -1.000000e+000
 5.038400e-001  5.900200e+003 -1.000000e+000
 5.102320e-001  6.343630e+003 -1.000000e+000
 5.166250e-001  6.173830e+003 -1.000000e+000
 5.230170e-001  6.297470e+003 -1.000000e+000
 5.294100e-001  6.157520e+003 -1.000000e+000
 5.358020e-001  5.866780e+003 -1.000000e+000
 5.421940e-001  6.213440e+003 -1.000000e+000
 5.485870e-001  6.122110e+003 -1.000000e+000
 5.549790e-001  7.314770e+003 -1.000000e+000
 5.613710e-001  5.750530e+003  1.429550e+003
 5.677640e-001  5.858910e+003 -1.000000e+000
 5.741560e-001  5.505110e+003 -1.000000e+000
 5.805480e-001  5.448310e+003 -1.000000e+000
 5.869410e-001  4.814350e+003 -1.000000e+000
 5.933330e-001  4.902260e+003 -1.000000e+000
 5.997250e-001  4.257420e+003 -1.000000e+000
 6.061180e-001  4.076900e+003 -1.000000e+000
 6.125100e-001  5.060280e+003 -1.000000e+000
 6.189020e-001  5.662610e+003 -1.000000e+000
 6.252950e-001  4.579040e+003 -1.000000e+000
 6.316870e-001  4.916240e+003 -1.000000e+000
 6.380790e-001  5.662240e+003 -1.000000e+000
 6.444710e-001  4.505170e+003 -1.000000e+000
 6.508640e-001  4.178450e+003 -1.000000e+000
 6.572560e-001  4.698650e+003 -1.000000e+000
 6.636480e-001  4.414030e+003 -1.000000e+000
 6.700410e-001  3.676630e+003 -1.000000e+000
 6.764330e-001  5.654270e+003 -1.000000e+000
 6.828250e-001  5.684450e+003 -1.000000e+000
 6.892170e-001  4.180540e+003 -1.000000e+000
 6.956100e-001  4.642620e+003 -1.000000e+000
 7.020020e-001  5.554260e+003 -1.000000e+000
 7.083940e-001  3.732980e+003 -1.000000e+000
 7.147860e-001  4.814820e+003 -1.000000e+000
 7.211790e-001  3.797140e+003 -1.000000e+000
 7.275710e-001  3.178560e+003  2.107270e+003
 7.339630e-001  3.189500e+003 -1.000000e+000
 7.403550e-001  3.504650e+003 -1.000000e+000
 7.467480e-001  4.157540e+003 -1.000000e+000
 7.531400e-001  4.835320e+003 -1.000000e+000
 7.595320e-001  3.660010e+003  1.892160e+003
 7.659240e-001  3.451410e+003 -1.000000e+000
 7.723160e-001  2.642400e+003 -1.000000e+000
 7.787090e-001  3.039450e+003 -1.000000e+000
 7.851010e-001  3.490240e+003 -1.000000e+000
 7.914930e-001  4.025470e+003 -1.000000e+000
 7.978850e-001  2.579050e+003 -1.000000e+000
 8.042770e-001  3.679310e+003 -1.000000e+000
 8.106700e-001  3.647180e+003 -1.000000e+000
 8.170620e-001  2.999420e+003 -1.000000e+000
 8.234540e-001  3.098730e+003 -1.000000e+000
 8.298460e-001  2.940900e+003 -1.000000e+000
 8.362380e-001  2.655790e+003 -1.000000e+000
 8.426300e-001  2.979710e+003 -1.000000e+000
 8.490230e-001  4.679460e+003 -1.000000e+000
 8.554150e-001  2.234290e+003 -1.000000e+000
 8.618070e-001  2.832960e+003 -1.000000e+000
 8.681990e-001  3.455560e+003 -1.000000e+000
 8.745910e-001  2.378780e+003 -1.000000e+000
 8.809830e-001  2.149590e+003 -1.000000e+000
 8.873750e-001  2.398810e+003 -1.000000e+000
 8.937670e-001  2.131730e+003 -1.000000e+000
 9.001600e-001  2.765890e+003 -1.000000e+000
 9.065520e-001  2.384440e+003 -1.000000e+000
 9.129440e-001  2.515970e+003  9.928470e+002
 9.193360e-001  2.485010e+003 -1.000000e+000
 9.257280e-001  2.789920e+003 -1.000000e+000
 9.321200e-001  2.682030e+003 -1.000000e+000
 9.385120e-001  2.719750e+003 -1.000000e+000
 9.449040e-001  2.186490e+003 -1.000000e+000
 9.512960e-001  1.970830e+003 -1.000000e+000
 9.576880e-001  2.811130e+003 -1.000000e+000
 9.640800e-001  2.723380e+003 -1.000000e+000
 9.704720e-001  2.466870e+003 -1.000000e+000
 9.768640e-001  2.486020e+003 -1.000000e+000
 9.832560e-001  2.366700e+003 -1.000000e+000
 9.896480e-001  2.687230e+003 -1.000000e+000
 9.960400e-001  2.155570e+003 -1.000000e+000
 1.002430e+000  2.635490e+003  3.050480e+002
 1.008820e+000  2.047280e+003 -1.000000e+000
 1.015220e+000  2.167210e+003 -1.000000e+000
 1.021610e+000  2.148230e+003 -1.000000e+000
 1.028000e+000  1.619150e+003 -1.000000e+000
 1.034390e+000  1.920400e+003 -1.000000e+000
 1.040780e+000  1.890470e+003 -1.000000e+000
 1.047180e+000  1.985030e+003 -1.000000e+000
 1.053570e+000  1.812200e+003 -1.000000e+000
 1.059960e+000  2.518180e+003 -1.000000e+000
 1.066350e+000  2.605670e+003 -1.000000e+000
 1.072740e+000  2.245440e+003 -1.000000e+000
 1.079140e+000  1.915460e+003 -1.000000e+000
 1.085530e+000  2.261290e+003 -1.000000e+000
 1.091920e+000  2.495860e+003  1.069050e+003
 1.098310e+000  2.031070e+003  5.673210e+002
 1.104700e+000  1.610720e+003  6.282540e+002
 1.111100e+000  1.751530e+003 -1.000000e+000
 1.117490e+000  1.782990e+003 -1.000000e+000
 1.123880e+000  2.000810e+003 -1.000000e+000
 1.130270e+000  1.430640e+003 -1.000000e+000
 1.136660e+000  1.784460e+003 -1.000000e+000
 1.143050e+000  1.533000e+003  5.273820e+002
 1.149450e+000  1.573520e+003 -1.000000e+000
 1.155840e+000  1.344620e+003 -1.000000e+000
 1.162230e+000  1.578790e+003 -1.000000e+000
 1.168620e+000  2.137260e+003 -1.000000e+000
 1.175010e+000  1.821650e+003 -1.000000e+000
 1.181410e+000  2.006460e+003  6.212120e+002
 1.187800e+000  1.821440e+003  4.796340e+002
 1.194190e+000  1.335350e+003 -1.000000e+000
 1.200580e+000  1.188440e+003 -1.000000e+000
 1.206970e+000  1.480970e+003 -1.000000e+000
 1.213370e+000  1.307690e+003 -1.000000e+000
 1.219760e+000  1.351390e+003 -1.000000e+000
 1.226150e+000  1.598220e+003 -1.000000e+000
 1.232540e+000  1.544630e+003  6.269660e+002
 1.238930e+000  1.643240e+003  5.890410e+002
 1.245320e+000  1.658470e+003 -1.000000e+000
 1.251720e+000  1.522010e+003 -1.000000e+000
 1.258110e+000  1.176690e+003 -1.000000e+000
 1.264500e+000  1.160180e+003 -1.000000e+000
 1.270890e+000  1.440770e+003  2.397680e+002
 1.277280e+000  1.730540e+003 -1.000000e+000
 1.283670e+000  1.654440e+003 -1.000000e+000
 1.290070e+000  1.319390e+003 -1.000000e+000
 1.296460e+000  1.333720e+003  4.226930e+002
 1.302850e+000  1.272550e+003  7.991550e+002
 1.309240e+000  1.390550e+003 -1.000000e+000
 1.315630e+000  1.222560e+003  3.416200e+002
 1.322020e+000  9.366490e+002 -1.000000e+000
 1.328420e+000  1.327710e+003  6.521650e+002
 1.334810e+000  1.570900e+003  8.352400e+002
 1.341200e+000  1.230430e+003 -1.000000e+000
 1.347590e+000  1.191380e+003  7.258910e+002
 1.353980e+000  1.404270e+003 -1.000000e+000
 1.360370e+000  1.338880e+003 -1.000000e+000
 1.366770e+000  1.395860e+003 -1.000000e+000
 1.373160e+000  1.275200e+003 -1.000000e+000
 1.379550e+000  1.133050e+003 -1.000000e+000
 1.385940e+000  1.192580e+003 -1.000000e+000
 1.392330e+000  9.825850e+002 -1.000000e+000
 1.398720e+000  9.274080e+002 -1.000000e+000
 1.405110e+000  1.402540e+003 -1.000000e+000
 1.411510e+000  1.268820e+003 -1.000000e+000
 1.417900e+000  1.297830e+003  4.905740e+002
 1.424290e+000  1.326450e+003 -1.000000e+000
 1.430680e+000  1.106030e+003  1.376580e+002
 1.437070e+000  1.118540e+003 -1.000000e+000
 1.443460e+000  9.859950e+002  4.524530e+002
 1.449860e+000  1.088430e+003 -1.000000e+000
 1.456250e+000  1.583010e+003  2.256750e+002
 1.462640e+000  1.415900e+003 -1.000000e+000
 1.469030e+000  1.021620e+003 -1.000000e+000
 1.475420e+000  8.060050e+002  4.420690e+002
 1.481810e+000  1.016960e+003 -1.000000e+000
 1.488200e+000  1.166960e+003  6.035500e+002
 1.494600e+000  1.056540e+003 -1.000000e+000
 1.500990e+000  7.220980e+002 -1.000000e+000
 1.507380e+000  7.868900e+002 -1.000000e+000
 1.513770e+000  1.409890e+003 -1.000000e+000
 1.520160e+000  1.171700e+003 -1.000000e+000
 1.526550e+000  1.267060e+003 -1.000000e+000
 1.532940e+000  1.189930e+003 -1.000000e+000
 1.539330e+000  8.591800e+002 -1.000000e+000
 1.545730e+000  1.435420e+003 -1.000000e+000
 1.552120e+000  1.474880e+003 -1.000000e+000
 1.558510e+000  8.071520e+002 -1.000000e+000
 1.564900e+000  1.381630e+003 -1.000000e+000
 1.571290e+000  1.145990e+003 -1.000000e+000
 1.577680e+000  1.050210e+003 -1.000000e+000
 1.584070e+000  1.178090e+003 -1.000000e+000
 1.590470e+000  1.016660e+003 -1.000000e+000
 1.596860e+000  1.322660e+003 -1.000000e+000
 1.603250e+000  6.766360e+002 -1.000000e+000
 1.609640e+000  6.393350e+002 -1.000000e+000
 1.616030e+000  8.553730e+002 -1.000000e+000
 1.622420e+000  5.560030e+002 -1.000000e+000
 1.628810e+000  8.245830e+002 -1.000000e+000
 1.635200e+000  6.360730e+002 -1.000000e+000
 1.641600e+000  8.562090e+002 -1.000000e+000
 1.647990e+000  1.131220e+003 -1.000000e+000
 1.654380e+000  9.485140e+002 -1.000000e+000
 1.660770e+000  6.904310e+002 -1.000000e+000
 1.667160e+000  7.524970e+002 -1.000000e+000
 1.673550e+000  7.634880e+002 -1.000000e+000
 1.679940e+000  7.727070e+002 -1.000000e+000
 1.686330e+000  5.778320e+002 -1.000000e+000
 1.692730e+000  1.101170e+003 -1.000000e+000
 1.699120e+000  9.632960e+002 -1.000000e+000
 1.705510e+000  5.714430e+002 -1.000000e+000
 1.711900e+000  7.422220e+002 -1.000000e+000
 1.718290e+000  8.522070e+002 -1.000000e+000
 1.724680e+000  9.117530e+002 -1.000000e+000
 1.731070e+000  1.384900e+003  1.784600e+002
 1.737460e+000  1.350290e+003 -1.000000e+000
 1.743850e+000  7.420280e+002 -1.000000e+000
 1.750250e+000  9.556020e+002 -1.000000e+000
 1.756640e+000  1.176550e+003 -1.000000e+000
 1.763030e+000  5.539860e+002  3.416890e+002
 1.769420e+000  7.729530e+002  6.438700e+002
 1.775810e+000  1.135980e+003 -1.000000e+000
 1.782200e+000  1.041880e+003 -1.000000e+000
 1.788590e+000  8.654890e+002 -1.000000e+000
 1.794980e+000  8.711980e+002 -1.000000e+000
 1.801370e+000  1.173400e+003 -1.000000e+000
 1.807760e+000  9.107220e+002 -1.000000e+000
 1.814150e+000  7.980420e+002 -1.000000e+000
 1.820550e+000  8.063470e+002 -1.000000e+000
 1.826940e+000  1.027920e+003 -1.000000e+000
 1.833330e+000  6.433260e+002 -1.000000e+000
 1.839720e+000  8.019930e+002 -1.000000e+000
 1.846110e+000  5.724850e+002 -1.000000e+000
 1.852500e+000  9.916860e+002 -1.000000e+000
 1.858890e+000  4.766400e+002 -1.000000e+000
 1.865280e+000  7.195990e+002 -1.000000e+000
 1.871670e+000  4.648190e+002 -1.000000e+000
 1.878060e+000  8.218880e+002 -1.000000e+000
 1.884450e+000  5.542950e+002 -1.000000e+000
 1.890840e+000  5.639760e+002 -1.000000e+000
 1.897240e+000  5.881120e+002 -1.000000e+000
 1.903630e+000  7.893110e+002 -1.000000e+000
 1.910020e+000  2.703390e+002 -1.000000e+000
 1.916410e+000  1.025340e+003 -1.000000e+000
 1.922800e+000  9.898470e+002 -1.000000e+000
 1.929190e+000  6.176070e+002 -1.000000e+000
 1.935580e+000  1.116420e+003 -1.000000e+000
 1.941970e+000  7.580890e+002 -1.000000e+000
 1.948360e+000  5.249050e+002 -1.000000e+000
 1.954750e+000  6.441070e+002 -1.000000e+000
 1.961140e+000  8.355280e+002  5.591220e+002
 1.967530e+000  8.439670e+002 -1.000000e+000
 1.973920e+000  3.673990e+002 -1.000000e+000
 1.980310e+000  5.638060e+002 -1.000000e+000
 1.986700e+000  5.175170e+002 -1.000000e+000
 1.993100e+000  5.677800e+002 -1.000000e+000
 1.999490e+000  2.250170e+002 -1.000000e+000
 2.005880e+000  6.804510e+002 -1.000000e+000
 2.012270e+000  8.747620e+002 -1.000000e+000
 2.018660e+000  6.792610e+002 -1.000000e+000
 2.025050e+000  4.056910e+002 -1.000000e+000
 2.031440e+000  4.606230e+002 -1.000000e+000
 2.037830e+000  5.245350e+002 -1.000000e+000
 2.044220e+000  8.466240e+002 -1.000000e+000
 2.050610e+000  6.745090e+002 -1.000000e+000
 2.057000e+000  5.033040e+002 -1.000000e+000
 2.063390e+000  3.620490e+002 -1.000000e+000
 2.069780e+000  5.559360e+002 -1.000000e+000
 2.076170e+000  3.915600e+002 -1.000000e+000
 2.082560e+000  5.196770e+002 -1.000000e+000
 2.088950e+000  6.092150e+002 -1.000000e+000
 2.095340e+000  7.247680e+002 -1.000000e+000
 2.101730e+000  3.210480e+002 -1.000000e+000
 2.108120e+000  3.632320e+002 -1.000000e+000
 2.114510e+000  5.979310e+002 -1.000000e+000
 2.120900e+000  4.212920e+002 -1.000000e+000
 2.127300e+000  3.337500e+002 -1.000000e+000
 2.133680e+000  8.888650e+002 -1.000000e+000
 2.140070e+000  6.505100e+002 -1.000000e+000
 2.146470e+000  5.644160e+002 -1.000000e+000
 2.152860e+000  6.473890e+002 -1.000000e+000
 2.159250e+000  5.273090e+002 -1.000000e+000
 2.165640e+000  5.447080e+002 -1.000000e+000
 2.172030e+000  2.371550e+002 -1.000000e+000
 2.178420e+000  5.616080e+002 -1.000000e+000
 2.184810e+000  4.834830e+002 -1.000000e+000
 2.191200e+000  7.179720e+002 -1.000000e+000
 2.197590e+000  8.708960e+002 -1.000000e+000
 2.203980e+000  4.547050e+002 -1.000000e+000
 2.210370e+000  5.061040e+002 -1.000000e+000
 2.216760e+000  5.684990e+002 -1.000000e+000
 2.223150e+000  6.493560e+002  3.298750e+002
 2.229540e+000  5.244510e+002 -1.000000e+000
 2.235930e+000  8.398280e+002 -1.000000e+000
 2.242320e+000  8.835690e+002 -1.000000e+000
 2.248710e+000  4.564300e+002 -1.000000e+000
 2.255100e+000  4.515350e+002 -1.000000e+000
 2.261490e+000  3.876920e+002 -1.000000e+000
 2.267880e+000  3.971400e+002 -1.000000e+000
 2.274270e+000  3.938810e+002 -1.000000e+000
 2.280660e+000  3.581340e+002 -1.000000e+000
 2.287050e+000  5.166720e+002 -1.000000e+000
 2.293440e+000  5.601610e+002 -1.000000e+000
 2.299830e+000  5.793800e+002 -1.000000e+000
 2.306220e+000  4.762660e+002  4.594900e+002
 2.312610e+000  4.774800e+002 -1.000000e+000
 2.319000e+000  7.413070e+002  8.170390e+002
 2.325390e+000  6.264960e+002 -1.000000e+000
 2.331780e+000  5.016790e+002 -1.000000e+000
 2.338170e+000  5.767340e+002 -1.000000e+000
 2.344560e+000  6.207860e+002  4.536300e+002
 2.350950e+000  4.872860e+002 -1.000000e+000
 2.357340e+000  6.822920e+002 -1.000000e+000
 2.363730e+000  4.081730e+002 -1.000000e+000
 2.370120e+000  3.444330e+002 -1.000000e+000
 2.376510e+000  2.934890e+002 -1.000000e+000
 2.382900e+000  2.774160e+002 -1.000000e+000
 2.389290e+000  4.576380e+002 -1.000000e+000
 2.395680e+000  7.157540e+002 -1.000000e+000
 2.402070e+000  6.311470e+002 -1.000000e+000
 2.408460e+000  3.636160e+002 -1.000000e+000
 2.414850e+000  3.069780e+002  2.894280e+002
 2.421230e+000  3.885870e+002  3.454910e+002
 2.427620e+000  4.632410e+002 -1.000000e+000
 2.434010e+000  5.413060e+002  1.061100e+002
 2.440400e+000  3.800910e+002 -1.000000e+000
 2.446790e+000  3.078910e+002 -1.000000e+000
 2.453180e+000  4.074270e+002  1.346550e+002
 2.459570e+000  5.724710e+002 -1.000000e+000
 2.465960e+000  4.292970e+002  4.427840e+002
 2.472350e+000  2.785690e+002 -1.000000e+000
 2.478740e+000  4.863910e+002  5.904360e+002
 2.485130e+000  6.729100e+002 -1.000000e+000
 2.491520e+000  4.115980e+002 -1.000000e+000
 2.497910e+000  4.642830e+002 -1.000000e+000
 2.504300e+000  5.106890e+002  2.181870e+002
 2.510690e+000  4.708490e+002 -1.000000e+000
 2.517080e+000  4.643390e+002  2.695350e+002
 2.523470e+000  5.258980e+002 -1.000000e+000
 2.529860e+000  4.070110e+002 -1.000000e+000
 2.536250e+000  4.555510e+002  3.678420e+002
 2.542640e+000  5.243350e+002 -1.000000e+000
 2.549020e+000  3.758150e+002 -1.000000e+000
 2.555410e+000  4.490360e+002  1.750820e+002
 2.561800e+000  3.487770e+002 -1.000000e+000
 2.568190e+000  2.966220e+002 -1.000000e+000
 2.574580e+000  3.182050e+002  2.412480e+002
 2.580970e+000  3.427770e+002 -1.000000e+000
 2.587360e+000  6.100960e+002 -1.000000e+000
 2.593750e+000  6.265990e+002 -1.000000e+000
 2.600140e+000  4.639290e+002 -1.000000e+000
 2.606530e+000  7.094190e+002 -1.000000e+000
 2.612920e+000  4.929320e+002 -1.000000e+000
 2.619310e+000  2.825980e+002 -1.000000e+000
 2.625700e+000  3.158000e+002 -1.000000e+000
 2.632090e+000  5.520220e+002  3.242160e+002
 2.638470e+000  3.423770e+002 -1.000000e+000
 2.644860e+000  2.232000e+002 -1.000000e+000
 2.651250e+000  3.100470e+002 -1.000000e+000
 2.657640e+000  3.542610e+002 -1.000000e+000
 2.664030e+000  3.876260e+002 -1.000000e+000
 2.670420e+000  5.076450e+002 -1.000000e+000
 2.676810e+000  2.817160e+002 -1.000000e+000
 2.683200e+000  5.486530e+002 -1.000000e+000
 2.689590e+000  5.836440e+002 -1.000000e+000
 2.695980e+000  4.861880e+002 -1.000000e+000
 2.702360e+000  5.089400e+002 -1.000000e+000
 2.708750e+000  1.690910e+002 -1.000000e+000
 2.715140e+000  3.450920e+002 -1.000000e+000
 2.721530e+000  6.077190e+002 -1.000000e+000
 2.727920e+000  8.008130e+002 -1.000000e+000
 2.734310e+000  5.939900e+002 -1.000000e+000
 2.740700e+000  2.456750e+002 -1.000000e+000
 2.747090e+000  2.295980e+002 -1.000000e+000
 2.753480e+000  2.200950e+002 -1.000000e+000
 2.759870e+000  3.286650e+002 -1.000000e+000
 2.766250e+000  3.809350e+002 -1.000000e+000
 2.772640e+000  7.191890e+002 -1.000000e+000
 2.779030e+000  1.816060e+002 -1.000000e+000
 2.785420e+000  2.953760e+002 -1.000000e+000
 2.791810e+000  2.161780e+002 -1.000000e+000
 2.798200e+000  2.432090e+002 -1.000000e+000
 2.804590e+000  2.810100e+002  2.588760e+002
 2.810980e+000  4.001520e+002 -1.000000e+000
 2.817360e+000  3.432420e+002 -1.000000e+000
 2.823750e+000  4.367560e+002 -1.000000e+000
 2.830140e+000  3.599280e+002 -1.000000e+000
 2.836530e+000  3.432390e+002 -1.000000e+000
 2.842920e+000  3.040500e+002 -1.000000e+000
 2.849310e+000  2.290680e+002 -1.000000e+000
 2.855700e+000  7.718380e+001 -1.000000e+000
 2.862080e+000  2.272960e+002 -1.000000e+000
 2.868470e+000  9.828740e+001 -1.000000e+000
 2.874860e+000  4.962290e+002 -1.000000e+000
 2.881250e+000  4.856050e+002  5.747410e+002
 2.887640e+000  4.623770e+002 -1.000000e+000
 2.894030e+000  1.658150e+002 -1.000000e+000
 2.900420e+000  2.295410e+002 -1.000000e+000
 2.906800e+000  9.371640e+001  8.535510e+001
 2.913190e+000  9.308410e+001 -1.000000e+000
 2.919580e+000  1.696640e+002 -1.000000e+000
 2.925970e+000  1.818680e+002 -1.000000e+000
 2.932360e+000  5.870250e+002 -1.000000e+000
 2.938740e+000  1.352210e+002 -1.000000e+000
 2.945130e+000  2.322660e+002 -1.000000e+000
 2.951520e+000  2.931980e+002 -1.000000e+000
 2.957910e+000  3.138810e+002 -1.000000e+000
 2.964300e+000  3.374230e+002 -1.000000e+000
 2.970690e+000  4.890680e+002 -1.000000e+000
 2.977080e+000  5.331240e+002 -1.000000e+000
 2.983460e+000  2.363470e+002 -1.000000e+000
 2.989850e+000  3.823520e+002 -1.000000e+000
 2.996240e+000  2.239030e+002  1.538670e+002
 3.002630e+000  9.398510e+001 -1.000000e+000
 3.009020e+000  1.675120e+002 -1.000000e+000
 3.015400e+000  3.295090e+002 -1.000000e+000
 3.021790e+000  1.723580e+002 -1.000000e+000
 3.028180e+000  8.135460e+002 -1.000000e+000
 3.034570e+000  6.016260e+002  4.772900e+002
 3.040960e+000  4.068650e+002 -1.000000e+000
 3.047340e+000  4.693620e+002 -1.000000e+000
 3.053730e+000  4.591570e+002 -1.000000e+000
 3.060120e+000  1.142330e+003 -1.000000e+000
 3.066510e+000  4.972180e+002 -1.000000e+000
 3.072900e+000  1.158830e+002 -1.000000e+000
 3.079280e+000  3.331660e+002 -1.000000e+000
 3.085670e+000  1.428090e+002 -1.000000e+000
 3.092060e+000  1.770400e+002 -1.000000e+000
 3.098450e+000  2.478560e+002 -1.000000e+000
 3.104840e+000  1.211720e+002 -1.000000e+000
 3.111220e+000  9.169440e+002 -1.000000e+000
 3.117610e+000  2.196540e+002 -1.000000e+000
 3.124000e+000  1.880580e+002 -1.000000e+000
 3.130390e+000  2.102700e+002 -1.000000e+000
 3.136780e+000  3.712740e+002 -1.000000e+000
 3.143160e+000  1.204070e+002 -1.000000e+000
 3.149550e+000  3.362460e+002 -1.000000e+000
 3.155940e+000  2.779650e+002 -1.000000e+000
 3.162330e+000  4.738100e+002 -1.000000e+000
 3.168710e+000  7.272940e+002 -1.000000e+000
 3.175100e+000  3.192850e+002  2.921370e+002
 3.181490e+000  2.185940e+002 -1.000000e+000
 3.187880e+000  3.495470e+002 -1.000000e+000
 3.194260e+000  1.298090e+001 -1.000000e+000
 3.200650e+000  6.357970e+002 -1.000000e+000
 3.207040e+000  1.609660e+002 -1.000000e+000
 3.213430e+000  3.220270e+002  3.951840e+002
 3.219810e+000  3.068690e+002 -1.000000e+000
 3.226200e+000  3.519920e+002  3.466810e+002
 3.232590e+000  7.084570e+002 -1.000000e+000
 3.238980e+000  4.390790e+002 -1.000000e+000
 3.245360e+000  3.131930e+002 -1.000000e+000
 3.251750e+000  1.749120e+002  1.509230e+002
 3.258140e+000  1.810460e+002 -1.000000e+000
 3.264530e+000  4.392270e+002 -1.000000e+000
 3.270910e+000  5.273510e+002  2.370480e+002
 3.277300e+000  4.338790e+002 -1.000000e+000
 3.283690e+000  2.032060e+002 -1.000000e+000
 3.290070e+000  1.196350e+002 -1.000000e+000
 3.296460e+000  2.481260e+002 -1.000000e+000
 3.302850e+000  4.950300e+002 -1.000000e+000
 3.309240e+000  1.699970e+002 -1.000000e+000
 3.315620e+000  4.796200e+002 -1.000000e+000
 3.322010e+000  5.516660e+002 -1.000000e+000
 3.328400e+000  3.314160e+002 -1.000000e+000
 3.334790e+000  3.442110e+002 -1.000000e+000
 3.341170e+000  1.029420e+002 -1.000000e+000
 3.347560e+000  1.977730e+002 -1.000000e+000
 3.353950e+000  4.286190e+002 -1.000000e+000
 3.360330e+000  1.494960e+002 -1.000000e+000
 3.366720e+000  1.378790e+002 -1.000000e+000
 3.373110e+000  1.677680e+002 -1.000000e+000
 3.379490e+000  2.586690e+002 -1.000000e+000
 3.385880e+000  3.634960e+002 -1.000000e+000
 3.392270e+000  1.886850e+002 -1.000000e+000
 3.398660e+000  2.622680e+002 -1.000000e+000
 3.405040e+000  2.125270e+002 -1.000000e+000
 3.411430e+000  5.020940e+002 -1.000000e+000
 3.417820e+000  2.409120e+002 -1.000000e+000
 3.424200e+000  4.561780e+002 -1.000000e+000
 3.430590e+000  1.721480e+002 -1.000000e+000
 3.436980e+000  3.150930e+002 -1.000000e+000
 3.443360e+000  1.331460e+002 -1.000000e+000
 3.449750e+000  5.914410e+002 -1.000000e+000
 3.456140e+000  2.963360e+002 -1.000000e+000
 3.462520e+000  2.068740e+002 -1.000000e+000
 3.468910e+000  2.718190e+002 -1.000000e+000
 3.475300e+000  6.153520e+002 -1.000000e+000
 3.481690e+000  1.713070e+002 -1.000000e+000
 3.488070e+000  1.410290e+002 -1.000000e+000
 3.494460e+000  1.671280e+002 -1.000000e+000
 3.500840e+000  1.634590e+002 -1.000000e+000
 3.507230e+000  2.407260e+002 -1.000000e+000
 3.513620e+000  1.533720e+002 -1.000000e+000
 3.520000e+000  3.351140e+001 -1.000000e+000
 3.526390e+000  1.433730e+002 -1.000000e+000
 3.532780e+000  1.918110e+002 -1.000000e+000
 3.539160e+000  3.155200e+002 -1.000000e+000
 3.545550e+000  5.602770e+002 -1.000000e+000
 3.551940e+000  3.570610e+002 -1.000000e+000
 3.558320e+000  2.894980e+002 -1.000000e+000
 3.564710e+000  2.544210e+002 -1.000000e+000
 3.571100e+000  1.139250e+002 -1.000000e+000
 3.577480e+000  1.784770e+002 -1.000000e+000
 3.583870e+000  1.420690e+002 -1.000000e+000
 3.590250e+000  2.839210e+002 -1.000000e+000
 3.596640e+000  3.049720e+002 -1.000000e+000
 3.603030e+000  1.024840e+002 -1.000000e+000
 3.609410e+000  7.111990e+001 -1.000000e+000
 3.615800e+000  2.710900e+002 -1.000000e+000
 3.622190e+000  1.985050e+002 -1.000000e+000
 3.628570e+000  2.755650e+002 -1.000000e+000
 3.634960e+000  2.181000e+002 -1.000000e+000
 3.641340e+000  3.485410e+002 -1.000000e+000
 3.647730e+000  1.499750e+002 -1.000000e+000
 3.654120e+000  6.501160e+001 -1.000000e+000
 3.660500e+000  2.378930e+002 -1.000000e+000
 3.666890e+000  3.017980e+002 -1.000000e+000
 3.673270e+000  1.192350e+002 -1.000000e+000
 3.679660e+000  9.712420e+001 -1.000000e+000
 3.686050e+000  2.653790e+002 -1.000000e+000
 3.692430e+000  7.088870e+001 -1.000000e+000
 3.698820e+000  9.591160e+001 -1.000000e+000
 3.705200e+000  2.383590e+002 -1.000000e+000
 3.711590e+000  1.679770e+002 -1.000000e+000
 3.717980e+000  9.172030e+001 -1.000000e+000
 3.724360e+000  1.425540e+002 -1.000000e+000
 3.730750e+000  2.544660e+002 -1.000000e+000
 3.737130e+000  3.900210e+002 -1.000000e+000
 3.743520e+000  4.024520e+002 -1.000000e+000
 3.749910e+000  2.042220e+002 -1.000000e+000
 3.756290e+000  2.057500e+002 -1.000000e+000
 3.762680e+000  2.221710e+002 -1.000000e+000
 3.769060e+000  1.035350e+002 -1.000000e+000
 3.775450e+000  8.208380e+001 -1.000000e+000
 3.781830e+000  1.394310e+002 -1.000000e+000
 3.788220e+000  1.546650e+002 -1.000000e+000
 3.794600e+000  3.315830e+002 -1.000000e+000
 3.800990e+000  4.506970e+002 -1.000000e+000
 3.807370e+000  1.850710e+002 -1.000000e+000
 3.813760e+000  1.042300e+002 -1.000000e+000
 3.820150e+000  7.069410e+001 -1.000000e+000
 3.826530e+000  6.666290e+001  1.466190e+002
 3.832920e+000  1.640650e+002 -1.000000e+000
 3.839300e+000  2.216180e+002 -1.000000e+000
 3.845690e+000  1.077840e+002 -1.000000e+000
 3.852070e+000  2.021730e+002 -1.000000e+000
 3.858460e+000  2.843710e+002  3.197510e+002
 3.864840e+000  4.151250e+002 -1.000000e+000
 3.871230e+000  3.291920e+002 -1.000000e+000
 3.877610e+000  1.373500e+002 -1.000000e+000
 3.884000e+000  8.594760e+001 -1.000000e+000
 3.890390e+000  1.498120e+002 -1.000000e+000
 3.896770e+000  1.164380e+002 -1.000000e+000
 3.903150e+000  5.153310e+001 -1.000000e+000
 3.909540e+000  3.696700e+001 -1.000000e+000
 3.915930e+000  1.221750e+002 -1.000000e+000
 3.922310e+000  8.120580e+001 -1.000000e+000
 3.928700e+000  1.362050e+002 -1.000000e+000
 3.935080e+000  3.319730e+002 -1.000000e+000
 3.941470e+000  1.033030e+002 -1.000000e+000
 3.947850e+000  9.586100e+001 -1.000000e+000
 3.954240e+000  2.309960e+002 -1.000000e+000
 3.960620e+000  4.095030e+002 -1.000000e+000
 3.967010e+000  1.219030e+002 -1.000000e+000
 3.973390e+000  1.283680e+002 -1.000000e+000
 3.979780e+000  7.669600e+001  2.751930e+002
 3.986160e+000  9.143930e+001 -1.000000e+000
 3.992540e+000  2.651230e+002 -1.000000e+000
 3.998930e+000  1.601170e+002 -1.000000e+000
parent: D:/ashish/arpit_syn/dat files/syn8.dat
range-from: 1
range-to: 618
